W	T	V	sqrtV
48	50	5	2.236067977
40	50	10	3.16227766
35	50	15	3.872983346
32	50	20	4.472135955
30	50	25	5
28	50	30	5.477225575
27	50	35	5.916079783
26	50	40	6.32455532
25	50	45	6.708203932
25	50	50	7.071067812
36	40	5	2.236067977
29	40	10	3.16227766
23	40	15	3.872983346
18	40	20	4.472135955
15	40	25	5
13	40	30	5.477225575
11	40	35	5.916079783
10	40	40	6.32455532
9	40	45	6.708203932
8	40	50	7.071067812
27	30	5	2.236067977
18	30	10	3.16227766
10	30	15	3.872983346
4	30	20	4.472135955
-1	30	25	5
-5	30	30	5.477225575
-6	30	35	5.916079783
-7	30	40	6.32455532
-8	30	45	6.708203932
-9	30	50	7.071067812
17	20	5	2.236067977
5	20	10	3.16227766
-5	20	15	3.872983346
-10	20	20	4.472135955
-15	20	25	5
-18	20	30	5.477225575
-20	20	35	5.916079783
-21	20	40	6.32455532
-22	20	45	6.708203932
-23	20	50	7.071067812
5	10	5	2.236067977
-8	10	10	3.16227766
-18	10	15	3.872983346
-23	10	20	4.472135955
-28	10	25	5
-33	10	30	5.477225575
-35	10	35	5.916079783
-37	10	40	6.32455532
-39	10	45	6.708203932
-40	10	50	7.071067812
-5	0	5	2.236067977
-20	0	10	3.16227766
-29	0	15	3.872983346
-34	0	20	4.472135955
-38	0	25	5
-44	0	30	5.477225575
-48	0	35	5.916079783
-52	0	40	6.32455532
-54	0	45	6.708203932
-55	0	50	7.071067812
-15	-10	5	2.236067977
-30	-10	10	3.16227766
-42	-10	15	3.872983346
-50	-10	20	4.472135955
-55	-10	25	5
-60	-10	30	5.477225575
-65	-10	35	5.916079783
-68	-10	40	6.32455532
-70	-10	45	6.708203932
-72	-10	50	7.071067812
-25	-20	5	2.236067977
-43	-20	10	3.16227766
-55	-20	15	3.872983346
-64	-20	20	4.472135955
-72	-20	25	5
-76	-20	30	5.477225575
-80	-20	35	5.916079783
-83	-20	40	6.32455532
-86	-20	45	6.708203932
-88	-20	50	7.071067812
-35	-30	5	2.236067977
-55	-30	10	3.16227766
-70	-30	15	3.872983346
-79	-30	20	4.472135955
-88	-30	25	5
-92	-30	30	5.477225575
-96	-30	35	5.916079783
-100	-30	40	6.32455532
-103	-30	45	6.708203932
-105	-30	50	7.071067812
-46	-40	5	2.236067977
-68	-40	10	3.16227766
-83	-40	15	3.872983346
-94	-40	20	4.472135955
-105	-40	25	5
-109	-40	30	5.477225575
-113	-40	35	5.916079783
-117	-40	40	6.32455532
-120	-40	45	6.708203932
-123	-40	50	7.071067812
-56	-50	5	2.236067977
-80	-50	10	3.16227766
-97	-50	15	3.872983346
-108	-50	20	4.472135955
-118	-50	25	5
-124	-50	30	5.477225575
-130	-50	35	5.916079783
-135	-50	40	6.32455532
-139	-50	45	6.708203932
-142	-50	50	7.071067812
-66	-60	5	2.236067977
-93	-60	10	3.16227766
-112	-60	15	3.872983346
-121	-60	20	4.472135955
-130	-60	25	5
-134	-60	30	5.477225575
-137	-60	35	5.916079783
-140	-60	40	6.32455532
-143	-60	45	6.708203932
-145	-60	50	7.071067812