W	T	V	V2/3
48	50	5	2.924017738
40	50	10	4.641588834
35	50	15	6.082201996
32	50	20	7.368062997
30	50	25	8.549879733
28	50	30	9.654893846
27	50	35	10.69987481
26	50	40	11.69607095
25	50	45	12.65148998
25	50	50	13.57208808
36	40	5	2.924017738
29	40	10	4.641588834
23	40	15	6.082201996
18	40	20	7.368062997
15	40	25	8.549879733
13	40	30	9.654893846
11	40	35	10.69987481
10	40	40	11.69607095
9	40	45	12.65148998
8	40	50	13.57208808
27	30	5	2.924017738
18	30	10	4.641588834
10	30	15	6.082201996
4	30	20	7.368062997
-1	30	25	8.549879733
-5	30	30	9.654893846
-6	30	35	10.69987481
-7	30	40	11.69607095
-8	30	45	12.65148998
-9	30	50	13.57208808
17	20	5	2.924017738
5	20	10	4.641588834
-5	20	15	6.082201996
-10	20	20	7.368062997
-15	20	25	8.549879733
-18	20	30	9.654893846
-20	20	35	10.69987481
-21	20	40	11.69607095
-22	20	45	12.65148998
-23	20	50	13.57208808
5	10	5	2.924017738
-8	10	10	4.641588834
-18	10	15	6.082201996
-23	10	20	7.368062997
-28	10	25	8.549879733
-33	10	30	9.654893846
-35	10	35	10.69987481
-37	10	40	11.69607095
-39	10	45	12.65148998
-40	10	50	13.57208808
-5	0	5	2.924017738
-20	0	10	4.641588834
-29	0	15	6.082201996
-34	0	20	7.368062997
-38	0	25	8.549879733
-44	0	30	9.654893846
-48	0	35	10.69987481
-52	0	40	11.69607095
-54	0	45	12.65148998
-55	0	50	13.57208808
-15	-10	5	2.924017738
-30	-10	10	4.641588834
-42	-10	15	6.082201996
-50	-10	20	7.368062997
-55	-10	25	8.549879733
-60	-10	30	9.654893846
-65	-10	35	10.69987481
-68	-10	40	11.69607095
-70	-10	45	12.65148998
-72	-10	50	13.57208808
-25	-20	5	2.924017738
-43	-20	10	4.641588834
-55	-20	15	6.082201996
-64	-20	20	7.368062997
-72	-20	25	8.549879733
-76	-20	30	9.654893846
-80	-20	35	10.69987481
-83	-20	40	11.69607095
-86	-20	45	12.65148998
-88	-20	50	13.57208808
-35	-30	5	2.924017738
-55	-30	10	4.641588834
-70	-30	15	6.082201996
-79	-30	20	7.368062997
-88	-30	25	8.549879733
-92	-30	30	9.654893846
-96	-30	35	10.69987481
-100	-30	40	11.69607095
-103	-30	45	12.65148998
-105	-30	50	13.57208808
-46	-40	5	2.924017738
-68	-40	10	4.641588834
-83	-40	15	6.082201996
-94	-40	20	7.368062997
-105	-40	25	8.549879733
-109	-40	30	9.654893846
-113	-40	35	10.69987481
-117	-40	40	11.69607095
-120	-40	45	12.65148998
-123	-40	50	13.57208808
-56	-50	5	2.924017738
-80	-50	10	4.641588834
-97	-50	15	6.082201996
-108	-50	20	7.368062997
-118	-50	25	8.549879733
-124	-50	30	9.654893846
-130	-50	35	10.69987481
-135	-50	40	11.69607095
-139	-50	45	12.65148998
-142	-50	50	13.57208808
-66	-60	5	2.924017738
-93	-60	10	4.641588834
-112	-60	15	6.082201996
-121	-60	20	7.368062997
-130	-60	25	8.549879733
-134	-60	30	9.654893846
-137	-60	35	10.69987481
-140	-60	40	11.69607095
-143	-60	45	12.65148998
-145	-60	50	13.57208808